4 5
images/overworld_terrain.png
17 17 17 17 17 17 17 17 17 17 17 17 17 17 17 17 17 17 17 17 17 17 17 17 17 17 17 17 17 17 17 17
17 17 17 17 17 17 17 17 17 17 17 17 17 17 17 17 17 17 17 17 17 17 17 17 17 17 17 17 17 17 17 17
17 17 17 17 17 17 17 17 17 17 17 17 17 17 17 17 17 17 17 17 17 17 17 17 17 17 17 17 17 17 17 17
17 17 17 17 17 17 17 17 17 17 17 11 10 17 17 17 17 17 17 17 17 17 17 17 17 17 17 17 17 17 17 17
17 17 17 17 17 17 17 17 17 17 11 9  8  10 17 17 17 17 17 17 17 17 17 17 17 17 17 17 17 17 17 17
17 17 17 17 17 17 17 17 17 11 9  16 16 8  10 17 17 17 17 17 17 17 17 17 17 17 17 17 17 17 17 17
17 17 17 17 17 17 5  1  1  9  16 16 16 16 8  1  1  1  1  1  1  1  1  7  17 17 17 17 17 17 17 17
17 17 17 17 17 17 0  16 16 16 16 16 16 16 16 16 16 16 16 16 16 16 16 2  17 17 17 17 17 17 17 17
17 17 17 17 17 17 0  16 16 16 16 16 16 16 16 16 16 16 16 16 16 16 16 2  17 17 17 17 17 17 17 17
17 17 17 17 17 17 0  16 16 16 16 16 16 16 16 16 16 16 16 16 16 16 16 8  10 17 17 17 17 17 17 17
17 17 5  1  1  1  9  16 16 16 16 16 16 16 16 16 16 16 16 16 16 16 16 16 8  10 17 17 17 17 17 17
17 17 15 12 16 16 16 16 16 16 16 16 16 16 16 16 16 16 16 16 16 16 16 16 16 8  10 17 17 17 17 17
17 17 17 15 12 16 16 16 16 16 16 16 16 16 16 16 16 16 16 16 16 16 16 16 16 16 2  17 17 17 17 17
17 17 17 17 15 12 16 16 16 16 16 16 16 16 16 16 16 16 16 16 16 16 16 16 16 16 2  17 17 17 17 17
17 17 17 17 17 15 12 16 16 16 16 16 16 16 16 16 16 16 16 16 16 16 16 16 16 16 2  17 17 17 17 17
17 17 17 17 17 17 0  16 16 16 16 16 16 16 16 16 16 16 16 16 16 16 16 16 16 16 2  17 17 17 17 17
17 17 17 17 17 17 0  16 16 16 16 16 16 16 16 16 16 16 16 16 16 16 16 16 16 13 14 17 17 17 17 17
17 17 17 17 17 17 0  16 16 16 16 16 16 16 16 16 16 16 16 16 16 16 16 16 13 14 17 17 17 17 17 17
17 17 17 17 17 17 0  16 16 16 16 16 16 16 16 16 16 16 16 16 16 16 16 13 14 17 17 17 17 17 17 17
17 17 17 17 17 17 0  16 16 16 16 16 16 16 16 16 16 16 16 16 16 16 16 2  17 17 17 17 17 17 17 17
17 17 17 17 17 17 0  16 16 16 16 16 16 16 16 16 16 16 16 16 16 16 16 2  17 17 17 17 17 17 17 17
17 17 17 17 17 17 4  3  3  3  3  3  3  3  3  3  3  3  3  3  3  3  3  6  17 17 17 17 17 17 17 17
17 17 17 17 17 17 17 17 17 17 17 17 17 17 17 17 17 17 17 17 17 17 17 17 17 17 17 17 17 17 17 17
17 17 17 17 17 17 17 17 17 17 17 17 17 17 17 17 17 17 17 17 17 17 17 17 17 17 17 17 17 17 17 17
17 17 17 17 17 17 17 17 17 17 17 17 17 17 17 17 17 17 17 17 17 17 17 17 17 17 17 17 17 17 17 17
17 17 17 17 17 17 17 17 17 17 17 17 17 17 17 17 17 17 17 17 17 17 17 17 17 17 17 17 17 17 17 17
17 17 17 17 17 17 17 17 17 17 17 17 17 17 17 17 17 17 17 17 17 17 17 17 17 17 17 17 17 17 17 17
17 17 17 17 17 17 17 17 17 17 17 17 17 17 17 17 17 17 17 17 17 17 17 17 17 17 17 17 17 17 17 17
17 17 17 17 17 17 17 17 17 17 17 17 17 17 17 17 17 17 17 17 17 17 17 17 17 17 17 17 17 17 17 17
17 17 17 17 17 17 17 17 17 17 17 17 17 17 17 17 17 17 17 17 17 17 17 17 17 17 17 17 17 17 17 17
17 17 17 17 17 17 17 17 17 17 17 17 17 17 17 17 17 17 17 17 17 17 17 17 17 17 17 17 17 17 17 17
17 17 17 17 17 17 17 17 17 17 17 17 17 17 17 17 17 17 17 17 17 17 17 17 17 17 17 17 17 17 17 17
Blocked:
3 4 6 14 15 17